{
 "cells": [
  {
   "metadata": {},
   "cell_type": "markdown",
   "source": "# Random Forest",
   "id": "c0b745c8f0a6e936"
  },
  {
   "metadata": {},
   "cell_type": "markdown",
   "source": "",
   "id": "9bd498057a994392"
  },
  {
   "metadata": {
    "ExecuteTime": {
     "end_time": "2024-08-07T13:19:50.316440Z",
     "start_time": "2024-08-07T13:19:29.328077Z"
    }
   },
   "cell_type": "code",
   "source": [
    "from sklearn.ensemble import RandomForestClassifier\n",
    "import pandas as pd\n",
    "from sklearn.linear_model import LogisticRegression\n",
    "from sklearn.model_selection import cross_val_score, StratifiedKFold\n",
    "from sklearn.metrics import make_scorer, fbeta_score\n",
    "\n",
    "# Lade den Datensatz\n",
    "train_data_loaded = pd.read_csv('../data/train_data_2024-08-01.csv')\n",
    "X = train_data_loaded.drop(columns=['UKATEGORIE'])\n",
    "y = train_data_loaded['UKATEGORIE']\n",
    "\n",
    "# Define the f-beta scorer\n",
    "fbeta_scorer = make_scorer(fbeta_score, beta=2)\n",
    "\n",
    "# Initialize Stratified K-Fold\n",
    "skf = StratifiedKFold(n_splits=5, shuffle=True, random_state=42)\n",
    "\n",
    "# Model \n",
    "rfmodel = RandomForestClassifier(class_weight={0: 1, 1: 9}, random_state=42)\n",
    "\n",
    "\n",
    "# crossvalscore für Bias-Variance-Analyse\n",
    "\n",
    "rf_scores = cross_val_score(rfmodel, X, y, cv=skf, scoring=fbeta_scorer)\n",
    "print(f'Random Forest F-beta Score (mean): {rf_scores.mean()}')\n",
    "print(f'Random Forest F-beta Score (std): {rf_scores.std()}')\n",
    "\n",
    "\n",
    "\n",
    "# Train Ridge model on the full dataset for feature importance\n",
    "rfmodel.fit(X, y)\n",
    "\n",
    "#Extrahiere die Feature Importances\n",
    "\n",
    "feature_importances = rfmodel.feature_importances_\n",
    "\n",
    "# Erstelle ein DataFrame der Features und ihrer Importances\n",
    "\n",
    "importances_df = pd.DataFrame({\n",
    "    'Feature': X.columns,\n",
    "    'Importance': feature_importances\n",
    "})\n",
    "\n",
    "# Sortiere das DataFrame nach Importances\n",
    "\n",
    "importancesdf = importances_df.sort_values(by='Importance', ascending=False)\n",
    "\n",
    "#Identifiziere die wichtigsten Features\n",
    "\n",
    "top_features = importancesdf.head(15)\n",
    "print(top_features)\n",
    "\n",
    "# Berechne und drucke die Korrelationsmatrix der Top Features\n",
    "\n",
    "Xtop_features = X[top_features['Feature']]\n",
    "correlation_matrix = Xtop_features.corr()\n",
    "print(\"Korrelationsmatrix der Top Features:\")\n",
    "print(correlation_matrix)"
   ],
   "id": "45415edb94a35f9c",
   "outputs": [
    {
     "name": "stdout",
     "output_type": "stream",
     "text": [
      "Random Forest F-beta Score (mean): 0.05721014214538493\n",
      "Random Forest F-beta Score (std): 0.010311509625039694\n",
      "        Feature  Importance\n",
      "3       USTUNDE    0.190419\n",
      "0           BEZ    0.140222\n",
      "4    UWOCHENTAG    0.127451\n",
      "2        UMONAT    0.115603\n",
      "6         UTYP1    0.068989\n",
      "1         UJAHR    0.061963\n",
      "5          UART    0.061675\n",
      "17       FERIEN    0.043151\n",
      "14  USTRZUSTAND    0.028825\n",
      "7    ULICHTVERH    0.028314\n",
      "16        COVID    0.027692\n",
      "8        IstRad    0.022502\n",
      "11      IstKrad    0.018742\n",
      "13  IstSonstige    0.018162\n",
      "9        IstPKW    0.014803\n",
      "Korrelationsmatrix der Top Features:\n",
      "              USTUNDE       BEZ  UWOCHENTAG    UMONAT     UTYP1     UJAHR  \\\n",
      "USTUNDE      1.000000 -0.019728    0.016865  0.000265  0.032250  0.010382   \n",
      "BEZ         -0.019728  1.000000    0.004234 -0.001105 -0.006259  0.016262   \n",
      "UWOCHENTAG   0.016865  0.004234    1.000000  0.011848  0.001495  0.000579   \n",
      "UMONAT       0.000265 -0.001105    0.011848  1.000000 -0.005130  0.044290   \n",
      "UTYP1        0.032250 -0.006259    0.001495 -0.005130  1.000000 -0.002802   \n",
      "UJAHR        0.010382  0.016262    0.000579  0.044290 -0.002802  1.000000   \n",
      "UART        -0.011654  0.034043    0.000621 -0.023110 -0.283473 -0.019961   \n",
      "FERIEN       0.024188  0.000391   -0.003562 -0.041115 -0.001381  0.099374   \n",
      "USTRZUSTAND -0.000870  0.016541   -0.001786  0.023449 -0.051445  0.053997   \n",
      "ULICHTVERH   0.233759 -0.026714    0.015986  0.071050 -0.060233 -0.008383   \n",
      "COVID        0.010513  0.022127   -0.014890  0.110453 -0.004396  0.815720   \n",
      "IstRad      -0.008445 -0.118909   -0.001897  0.011817 -0.159359  0.008110   \n",
      "IstKrad      0.028067 -0.006322   -0.010063  0.035563 -0.005861 -0.008044   \n",
      "IstSonstige -0.040327  0.006377   -0.000001  0.007821  0.068536  0.024395   \n",
      "IstPKW       0.029771  0.066913    0.004643 -0.025339  0.069782 -0.018960   \n",
      "\n",
      "                 UART    FERIEN  USTRZUSTAND  ULICHTVERH     COVID    IstRad  \\\n",
      "USTUNDE     -0.011654  0.024188    -0.000870    0.233759  0.010513 -0.008445   \n",
      "BEZ          0.034043  0.000391     0.016541   -0.026714  0.022127 -0.118909   \n",
      "UWOCHENTAG   0.000621 -0.003562    -0.001786    0.015986 -0.014890 -0.001897   \n",
      "UMONAT      -0.023110 -0.041115     0.023449    0.071050  0.110453  0.011817   \n",
      "UTYP1       -0.283473 -0.001381    -0.051445   -0.060233 -0.004396 -0.159359   \n",
      "UJAHR       -0.019961  0.099374     0.053997   -0.008383  0.815720  0.008110   \n",
      "UART         1.000000 -0.019250     0.001156    0.048186 -0.010124 -0.017276   \n",
      "FERIEN      -0.019250  1.000000    -0.022747   -0.039335  0.011314  0.008399   \n",
      "USTRZUSTAND  0.001156 -0.022747     1.000000    0.253305  0.051508 -0.110268   \n",
      "ULICHTVERH   0.048186 -0.039335     0.253305    1.000000  0.001087 -0.107653   \n",
      "COVID       -0.010124  0.011314     0.051508    0.001087  1.000000  0.010581   \n",
      "IstRad      -0.017276  0.008399    -0.110268   -0.107653  0.010581  1.000000   \n",
      "IstKrad     -0.143372  0.004639    -0.003225   -0.033449 -0.011263 -0.293760   \n",
      "IstSonstige -0.097953  0.003965    -0.015780   -0.014776  0.016368 -0.111932   \n",
      "IstPKW       0.131909 -0.005640     0.015806    0.020543 -0.015290 -0.245358   \n",
      "\n",
      "              IstKrad  IstSonstige    IstPKW  \n",
      "USTUNDE      0.028067    -0.040327  0.029771  \n",
      "BEZ         -0.006322     0.006377  0.066913  \n",
      "UWOCHENTAG  -0.010063    -0.000001  0.004643  \n",
      "UMONAT       0.035563     0.007821 -0.025339  \n",
      "UTYP1       -0.005861     0.068536  0.069782  \n",
      "UJAHR       -0.008044     0.024395 -0.018960  \n",
      "UART        -0.143372    -0.097953  0.131909  \n",
      "FERIEN       0.004639     0.003965 -0.005640  \n",
      "USTRZUSTAND -0.003225    -0.015780  0.015806  \n",
      "ULICHTVERH  -0.033449    -0.014776  0.020543  \n",
      "COVID       -0.011263     0.016368 -0.015290  \n",
      "IstRad      -0.293760    -0.111932 -0.245358  \n",
      "IstKrad      1.000000    -0.081285 -0.132181  \n",
      "IstSonstige -0.081285     1.000000 -0.300554  \n",
      "IstPKW      -0.132181    -0.300554  1.000000  \n"
     ]
    }
   ],
   "execution_count": 4
  },
  {
   "metadata": {},
   "cell_type": "markdown",
   "source": "",
   "id": "fb78cdaf6993c16"
  }
 ],
 "metadata": {
  "kernelspec": {
   "display_name": "Python 3",
   "language": "python",
   "name": "python3"
  },
  "language_info": {
   "codemirror_mode": {
    "name": "ipython",
    "version": 2
   },
   "file_extension": ".py",
   "mimetype": "text/x-python",
   "name": "python",
   "nbconvert_exporter": "python",
   "pygments_lexer": "ipython2",
   "version": "2.7.6"
  }
 },
 "nbformat": 4,
 "nbformat_minor": 5
}
